-66.05309197138146
93.8019195750843
157.43864986020213
100.3716976610043
-157.55338497646153
108.56794754189173
111.81675202117452
-121.51763801084968
129.61727796038127
-117.8648170688699
56.266817500582704
2.9837763562990176
97.96474040886756
-44.04351230526672
164.0091576175679
168.76499707687537
186.12987308464864
177.962485185483
42.4822924882551
-24.482224658512024
53.806638831959106
107.37640437677516
157.50632579286213
176.07528499152
-166.6262279390428
46.6279960592872
171.63394051104302
155.460308616843
174.51205617935955
121.24201573923182
-40.560060497812486
30.936171527582673
-123.11177370789372
125.85652344650623
39.03550915616901
-49.183651770892794
-122.75090298883337
192.90578311594737
124.56594487050893
-149.81743399777716
85.1478103488086
72.47423948805778
86.84845978684439
134.67321152859836
-127.75560058600333
-181.70063259059552
-55.743208828338766
105.37819545607243
-60.141436685656004
-104.41908184287725
