-86.89556554848664
200.84345523515174
315.38956974836384
212.66905578980774
-251.59609295763073
227.42230557540512
233.27015363811415
-186.73174841952942
265.3111003286863
-180.15667072396582
133.28027150104887
37.37079744133823
208.3365327359616
-47.27832214948009
327.2164837116222
335.77699473837566
367.0337715523675
352.3324733338694
108.46812647885918
-12.068004385321643
128.8519498975264
225.27752787819526
315.5113864271518
348.93551298473596
-267.927210290277
115.93039290671695
340.9410929198774
311.8285555103174
346.1217011228472
250.2356283306173
-41.00810889606248
87.68510874964882
-189.60119267420868
258.54174220371124
102.26391648110423
-56.53057318760702
-188.9516253799001
379.23040960870526
256.2187007669161
-237.6713811959989
185.2660586278555
162.45363107850397
188.3272276163199
274.41178075147707
-197.960081054806
-295.0611386630719
-68.33777589100978
221.6807518209304
-76.2545860341808
-155.95434731717904
